123518 150
1 1
3 12
8 36
14 72
19 101
19 106
21 127
23 148
25 167
31 213
40 277
48 335
57 400
58 415
59 431
66 492
73 552
80 613
86 661
87 678
96 751
102 800
107 841
109 862
115 911
115 921
121 977
123 999
130 1063
132 1081
137 1127
139 1147
145 1202
153 1269
154 1284
159 1326
166 1391
173 1450
182 1533
186 1569
193 1637
194 1655
199 1700
208 1784
209 1794
214 1845
222 1915
223 1925
232 2005
235 2037
235 2044
243 2121
246 2154
252 2211
258 2269
258 2273
258 2275
266 2352
272 2414
278 2475
285 2542
289 2582
295 2636
304 2718
308 2758
314 2820
314 2828
317 2865
319 2884
319 2894
327 2976
335 3055
338 3090
346 3170
347 3189
356 3280
365 3371
370 3423
372 3451
373 3463
375 3485
377 3506
381 3550
388 3620
394 3678
399 3725
407 3808
408 3821
410 3845
413 3880
416 3910
423 3977
429 4040
435 4097
444 4187
448 4230
450 4254
455 4304
456 4316
460 4354
462 4376
469 4447
471 4467
475 4511
478 4541
480 4566
481 4576
481 4579
482 4592
484 4617
486 4645
486 4651
495 4740
503 4820
505 4848
509 4896
509 4902
515 4961
517 4988
517 4990
525 5074
530 5127
537 5204
540 5242
545 5299
552 5377
560 5459
567 5533
575 5620
583 5702
590 5776
598 5863
598 5868
601 5907
603 5930
603 5935
605 5957
607 5980
616 6078
620 6119
623 6154
627 6195
630 6233
634 6276
640 6337
644 6381
652 6465
654 6491
662 6574
669 6652
