100 4900
19 58
24 22
99 0
95 36
20 94
31 98
83 55
3 81
42 62
38 11
66 59
78 41
21 69
80 84
50 30
42 36
23 80
90 66
96 47
82 16
98 20
51 40
23 74
29 11
51 8
57 59
54 0
25 4
82 33
70 70
44 40
53 79
41 60
94 76
91 21
51 37
7 48
20 42
24 27
65 1
63 17
35 84
34 76
46 87
46 16
36 90
47 2
52 52
34 27
3 11
12 1
83 12
41 61
43 81
81 9
55 70
34 63
23 86
44 13
11 17
63 0
11 15
1 32
20 44
19 98
14 89
60 34
67 24
1 39
50 95
18 87
25 93
26 67
59 59
30 40
57 60
91 6
57 75
72 73
6 32
17 75
30 49
62 55
75 73
96 70
75 29
90 56
52 92
64 72
77 40
47 54
45 33
62 25
22 18
50 23
71 73
16 8
4 9
78 51
8 5
96 76
60 13
45 48
72 93
30 17
83 27
22 57
72 67
8 72
1 18
55 20
70 33
24 97
19 1
20 49
9 16
30 92
12 58
35 87
96 34
16 28
64 74
64 30
30 9
24 5
35 5
40 38
52 85
22 37
42 65
80 95
21 30
51 74
96 3
82 75
43 22
60 22
9 36
45 89
42 90
58 48
82 20
97 66
84 71
96 84
34 64
46 68
29 79
66 66
37 42
82 96
65 21
6 31
54 56
51 26
35 69
99 25
79 17
66 81
80 43
25 5
0 16
27 5
25 0
91 36
54 93
13 68
43 95
39 48
87 4
69 54
94 51
66 25
88 77
53 75
56 62
33 31
3 45
85 21
19 63
53 1
36 7
83 89
37 88
25 74
43 78
13 48
16 13
5 79
30 11
35 82
88 41
20 58
13 51
72 78
17 66
33 72
62 38
28 71
23 18
48 88
41 2
91 8
0 79
9 76
7 33
67 44
72 9
74 44
86 14
99 46
92 37
86 98
37 49
61 23
9 35
75 77
85 59
88 38
24 46
91 49
87 93
34 62
75 90
47 19
89 58
60 18
52 80
1 70
29 47
82 58
8 50
43 19
21 19
5 81
27 35
21 95
96 67
19 70
72 3
56 45
95 99
96 7
8 76
89 3
40 99
4 62
97 73
91 60
14 11
35 70
95 9
15 29
52 22
84 30
53 30
57 97
65 93
21 89
29 3
91 25
58 70
21 43
25 21
67 97
45 93
48 23
98 41
31 81
53 17
67 22
19 44
52 3
62 23
75 12
66 45
43 35
61 83
82 98
30 56
22 9
45 57
46 44
23 26
2 24
93 93
90 85
59 0
17 81
90 51
69 51
59 9
85 16
7 35
97 5
43 3
40 43
24 79
27 27
37 29
12 8
26 44
5 44
3 40
91 95
79 47
23 58
37 35
51 64
54 96
15 90
40 65
10 7
82 65
60 53
24 20
16 91
55 72
29 88
94 95
51 45
32 54
72 58
12 37
47 31
1 15
2 54
97 44
27 77
99 59
52 77
49 53
53 39
29 0
69 86
36 40
59 68
56 19
60 56
34 82
99 27
83 70
62 86
19 27
76 78
19 31
42 39
79 34
68 25
14 56
79 57
4 34
33 95
27 81
74 11
93 90
9 34
48 68
66 73
86 7
70 43
53 84
23 87
21 34
24 16
74 7
49 81
32 10
73 12
53 56
36 34
59 15
0 75
22 58
66 52
50 31
71 40
18 34
37 67
7 2
23 16
78 77
34 33
69 95
64 92
65 32
57 61
30 47
88 12
32 21
42 21
69 17
24 65
85 72
59 75
16 55
26 63
91 28
80 85
13 39
99 51
67 52
59 11
24 60
75 30
37 13
44 89
36 60
86 27
83 71
5 58
39 10
66 84
16 58
31 65
72 69
51 34
71 36
71 72
80 86
97 47
79 54
72 32
85 77
89 10
57 78
94 47
21 83
48 15
66 39
55 79
51 77
50 85
21 21
7 92
60 86
43 5
71 60
93 13
25 48
17 25
10 29
83 16
9 66
77 84
48 67
53 25
43 9
50 88
33 58
68 26
62 60
10 51
23 3
82 11
61 90
11 4
7 24
53 97
92 68
14 40
27 84
64 37
42 61
93 7
94 13
96 61
50 40
52 27
4 7
53 51
6 20
88 35
58 64
5 57
76 11
31 82
57 31
22 56
58 66
70 10
95 14
74 17
44 61
87 69
60 38
51 30
29 27
35 57
86 67
0 36
55 41
38 84
71 24
32 56
50 2
53 68
46 6
36 39
14 52
67 80
1 73
27 41
47 43
90 87
94 34
94 96
38 64
78 12
54 11
78 70
3 69
68 66
28 59
86 37
53 31
48 94
64 87
28 94
50 63
88 95
45 35
28 80
52 78
18 98
46 15
99 45
34 72
15 42
30 90
79 40
6 36
31 62
96 60
65 27
1 28
86 70
10 86
49 27
91 50
90 20
39 30
52 88
61 8
99 37
29 97
88 34
55 75
36 24
94 46
8 68
1 40
56 86
6 87
0 46
26 98
81 77
12 60
49 49
20 20
96 75
51 29
36 92
10 80
75 88
80 68
78 67
29 77
67 43
68 72
71 65
18 97
33 55
71 9
81 62
8 75
29 96
44 88
96 17
63 66
52 19
80 5
57 0
18 77
53 81
85 55
54 54
78 53
79 11
67 92
12 97
5 64
48 40
47 62
30 34
67 14
53 19
4 95
94 26
77 54
13 75
69 90
72 87
84 14
86 52
94 7
60 74
95 35
69 75
77 48
52 93
19 65
15 73
33 9
76 80
93 63
90 89
32 27
26 85
38 7
83 87
61 6
20 97
72 10
69 97
67 95
55 63
35 55
3 74
83 36
96 23
43 51
98 72
13 83
41 3
70 44
39 24
12 0
30 41
34 7
83 95
98 34
57 27
47 82
49 35
33 43
47 61
66 53
59 3
82 62
15 43
17 87
55 59
33 38
13 0
31 45
14 43
53 6
91 83
75 35
58 68
1 51
3 66
12 89
93 89
17 98
29 44
3 48
38 58
31 15
68 88
68 86
68 41
65 84
36 1
13 99
80 56
13 30
26 13
23 33
48 79
53 35
88 13
45 76
61 88
47 95
50 77
86 15
59 12
60 40
97 50
95 58
56 85
24 73
5 40
88 92
95 2
52 79
86 49
42 40
55 43
43 38
88 55
12 54
25 64
24 96
13 78
90 33
99 36
78 78
91 38
96 81
17 64
57 76
63 15
37 16
58 93
96 55
33 99
43 93
42 42
76 83
68 93
31 68
90 68
19 7
59 80
16 36
71 0
39 67
63 99
73 57
38 74
50 1
70 68
28 78
87 67
71 7
50 62
70 88
44 83
56 10
82 4
78 15
79 12
28 57
11 5
45 36
54 59
86 51
47 37
2 49
4 88
28 41
14 1
70 67
55 14
68 75
57 12
3 5
79 61
20 36
29 17
42 81
92 6
69 16
52 56
37 57
4 45
34 91
37 33
21 81
93 23
67 53
29 4
14 39
35 58
37 98
80 62
66 21
93 3
69 78
29 32
90 37
59 46
60 83
87 54
76 84
6 66
98 50
5 29
11 56
47 88
9 79
26 49
92 3
5 17
97 77
55 47
36 33
28 68
38 95
38 16
34 14
56 20
2 83
83 18
73 49
42 35
96 0
97 32
13 9
72 83
98 16
81 4
44 23
21 44
25 96
54 76
83 63
94 8
57 57
90 29
79 64
65 12
94 0
22 2
29 38
74 56
72 39
97 93
9 50
93 49
25 8
39 25
75 14
6 39
92 74
35 92
65 79
69 99
98 6
67 42
11 64
39 31
33 33
37 4
57 72
83 34
82 50
43 64
45 30
71 69
73 43
25 69
26 66
67 13
88 74
2 15
51 42
63 32
30 85
71 27
83 28
19 54
20 41
62 77
54 74
23 85
32 76
77 79
22 92
42 99
0 14
71 19
53 10
38 63
21 52
83 29
65 16
35 16
11 49
54 10
58 31
71 85
80 94
77 55
89 66
55 90
60 35
90 10
84 10
5 51
0 86
2 53
84 72
16 81
32 59
63 9
98 5
28 60
12 92
67 84
23 68
7 54
75 27
52 59
65 85
35 34
26 29
16 52
1 2
66 85
96 92
90 74
87 30
6 33
19 3
51 31
76 60
19 55
78 85
59 88
89 52
87 55
64 54
98 70
77 14
81 63
24 91
60 82
33 77
15 76
14 16
77 19
6 1
15 15
42 22
78 93
49 68
38 49
52 2
61 77
92 58
98 88
14 6
19 64
29 69
44 9
13 63
3 17
39 81
12 31
77 56
24 24
12 85
20 83
48 99
40 27
86 83
84 73
97 86
9 61
16 73
62 69
39 95
23 52
31 13
76 21
88 73
47 49
83 59
37 79
20 53
19 76
78 37
42 3
98 93
91 12
61 61
33 40
75 75
80 50
30 14
55 1
15 96
15 55
33 67
86 2
32 30
11 6
52 1
12 5
11 83
52 94
2 64
44 37
3 31
83 96
68 83
31 40
84 91
66 27
79 72
85 5
52 96
68 9
41 52
52 24
34 73
88 36
21 55
73 56
42 8
71 29
82 87
22 65
23 0
82 93
73 20
70 53
0 4
26 91
42 4
6 93
0 38
0 44
37 5
80 49
22 54
11 85
56 23
65 62
34 71
30 46
15 56
14 25
26 12
91 94
48 54
71 98
71 93
86 75
47 98
32 23
93 38
62 76
50 52
75 78
31 84
54 92
41 73
70 4
8 26
54 82
61 70
5 74
53 46
62 35
13 56
46 1
51 0
29 40
69 80
88 57
23 66
17 1
23 11
67 23
20 91
87 14
64 48
28 25
83 45
8 8
77 86
77 22
52 17
19 72
4 10
55 57
76 43
33 20
8 35
62 98
91 90
13 49
70 31
38 15
49 87
53 52
10 1
11 31
12 41
73 96
50 22
88 99
16 16
25 77
48 96
80 63
54 37
58 85
67 51
77 42
59 92
28 10
35 14
84 92
58 56
43 90
51 84
44 39
20 23
46 66
35 90
39 28
16 5
80 96
26 48
2 16
68 95
22 49
22 46
46 32
67 57
38 90
89 4
28 8
71 62
27 64
36 36
84 49
22 12
66 83
11 8
19 6
93 81
58 13
28 0
22 14
8 21
68 6
57 89
78 36
85 70
56 36
16 45
53 95
72 27
10 15
39 3
92 70
62 24
37 19
17 80
71 71
27 17
82 8
0 66
52 5
12 44
49 3
52 72
4 58
41 84
81 7
11 80
57 15
88 6
87 42
53 94
69 84
60 23
14 83
82 69
73 27
80 42
27 70
28 54
81 85
86 1
39 69
97 49
82 26
54 61
72 88
30 61
45 6
73 62
8 41
12 96
87 20
35 80
9 17
88 87
53 14
38 50
31 92
97 52
85 9
49 0
40 89
61 92
75 54
65 9
20 43
91 59
41 54
44 30
85 86
71 56
44 80
68 55
7 42
28 75
46 76
40 8
21 68
45 46
33 96
39 27
56 40
29 35
3 28
73 83
89 35
63 24
3 70
3 83
53 15
43 84
66 43
96 45
44 64
24 68
73 65
78 33
54 16
50 81
85 64
99 39
98 75
33 71
76 91
26 74
31 26
61 74
8 67
6 34
28 23
11 35
62 20
54 51
70 73
25 92
8 83
50 24
26 24
4 98
4 78
15 94
59 79
47 81
65 83
12 64
4 14
96 8
8 19
75 49
32 66
40 4
30 60
75 2
32 38
21 79
45 97
41 66
90 54
30 62
8 92
99 94
10 42
36 10
21 14
71 31
87 99
1 1
22 27
20 48
56 26
52 81
60 5
4 46
25 31
11 32
48 1
88 42
14 28
13 96
81 98
93 40
86 65
48 29
18 15
75 9
81 54
81 22
5 67
17 90
9 64
62 67
75 95
54 49
37 45
57 24
43 32
34 34
47 0
74 65
67 6
69 28
29 34
76 47
31 75
41 32
2 14
68 77
0 34
63 68
61 51
92 49
18 94
8 90
21 48
30 27
97 65
63 92
47 70
37 68
40 83
26 43
54 34
6 10
82 7
35 59
99 4
20 19
14 49
0 24
13 33
19 94
90 84
16 76
77 77
15 71
55 93
94 81
52 37
97 30
44 50
18 58
9 96
63 70
46 10
67 30
17 88
87 75
5 23
79 69
48 82
13 4
3 46
79 81
11 96
22 34
76 95
73 3
65 65
18 56
38 81
24 54
9 53
64 0
33 1
35 98
79 42
43 60
33 35
10 78
83 78
21 38
16 94
74 98
73 99
21 23
83 77
77 11
53 82
26 26
95 95
50 96
49 48
42 58
46 36
13 95
42 31
53 57
97 80
55 31
92 85
51 17
28 52
7 15
67 17
87 3
97 72
85 32
60 64
98 92
57 70
27 23
69 15
14 48
8 6
53 13
28 61
77 26
64 84
12 29
48 2
24 98
89 76
24 61
76 1
16 30
18 43
73 90
82 3
43 54
14 59
73 98
26 78
94 63
59 45
10 99
89 48
85 25
5 15
60 27
40 21
3 6
18 54
21 9
65 69
28 5
92 72
89 54
29 73
1 29
70 93
18 8
79 23
44 7
12 42
19 26
84 85
70 56
64 65
76 85
57 54
33 73
34 20
41 50
20 96
51 44
90 76
53 23
37 25
89 18
29 6
56 59
93 50
45 62
78 81
44 31
34 12
49 59
32 78
19 91
93 79
53 12
8 3
83 67
45 12
6 90
43 71
18 81
95 26
79 97
22 98
35 20
85 67
53 34
36 50
76 68
86 45
45 19
57 33
39 11
2 23
35 12
36 35
85 85
69 6
7 56
98 8
57 6
92 26
49 96
62 46
44 47
92 11
78 92
85 82
36 8
14 13
91 37
96 96
82 91
33 52
47 63
71 52
63 62
18 16
79 91
69 94
29 59
2 34
7 61
39 22
19 97
5 9
46 64
70 7
12 52
8 59
29 72
72 53
67 28
16 29
21 92
0 42
40 53
57 8
55 50
75 56
59 43
77 82
22 76
31 31
14 68
71 22
49 7
96 88
11 24
26 16
65 33
24 56
53 41
44 6
14 20
5 78
56 27
48 97
84 95
34 47
1 88
17 94
55 94
60 59
8 62
88 40
86 29
41 95
54 66
20 75
11 71
3 90
44 8
60 44
64 39
61 66
88 63
10 48
10 12
13 72
17 46
96 63
56 57
16 68
81 56
45 1
55 34
77 13
0 31
27 97
62 88
45 65
93 92
69 18
76 75
86 24
24 1
29 87
11 93
8 13
71 2
20 9
66 86
57 41
15 22
50 70
78 88
56 64
57 81
75 85
45 69
97 84
44 72
57 69
54 15
91 88
56 12
74 41
73 44
20 95
10 94
78 34
38 42
47 4
50 51
68 65
52 18
58 58
1 66
67 46
43 69
33 50
55 42
71 23
62 3
74 10
15 74
68 2
89 32
33 17
69 85
43 45
18 82
23 82
41 62
6 50
3 54
69 81
86 86
51 11
79 25
22 36
87 85
77 7
72 6
82 9
32 93
28 85
23 59
90 82
16 90
10 9
51 25
11 22
26 14
48 93
19 42
6 22
41 72
20 86
16 47
74 20
52 39
62 49
70 6
1 5
96 38
71 1
68 73
31 99
83 39
97 88
19 49
5 31
81 88
19 75
8 71
11 0
93 31
16 78
24 53
33 86
10 81
98 42
91 56
20 78
46 34
68 60
61 16
5 38
62 43
64 29
15 67
14 33
73 87
79 27
35 86
82 30
11 19
77 71
36 14
89 1
1 97
17 7
59 31
37 1
53 87
95 22
28 49
42 16
72 48
12 39
12 48
34 95
89 27
67 75
84 19
28 30
58 7
74 52
65 66
46 38
19 93
30 59
80 71
70 18
45 7
18 30
92 28
38 66
6 83
71 79
30 24
75 5
5 22
55 55
93 61
8 7
93 99
62 33
70 65
41 89
58 11
40 12
84 62
62 2
34 81
50 46
25 72
94 1
47 65
53 77
12 99
72 21
87 50
92 17
77 15
56 72
4 4
22 8
61 97
40 17
69 42
34 43
65 37
18 79
79 44
84 94
15 88
28 21
31 24
54 58
47 75
12 72
42 86
93 86
47 1
98 32
15 39
48 62
97 43
15 33
68 51
50 35
78 3
32 96
91 64
99 8
58 79
93 44
45 8
67 32
4 8
48 41
67 36
34 44
46 25
11 52
84 28
25 82
60 21
44 81
87 91
10 10
82 86
21 36
98 10
25 55
8 81
5 4
99 28
6 38
4 57
83 5
51 96
65 56
70 5
86 72
68 11
86 59
44 15
7 95
17 21
85 46
83 64
12 81
79 39
81 59
38 55
58 24
90 27
26 22
81 92
44 36
85 18
50 7
37 80
91 4
60 51
98 30
89 20
60 47
52 6
61 53
19 83
74 27
92 9
76 92
45 38
10 41
29 89
30 35
13 82
1 8
87 98
3 7
76 39
47 84
86 90
50 47
17 15
92 99
7 41
23 65
46 28
67 19
91 62
48 46
46 90
53 90
90 72
43 27
6 16
46 77
43 39
23 38
74 39
74 70
6 73
41 14
54 26
80 0
98 27
23 57
83 49
22 79
33 8
93 74
24 23
15 64
83 53
1 26
18 78
45 29
50 19
37 24
50 3
95 81
8 85
22 96
0 52
31 38
60 1
74 96
72 99
0 82
8 37
5 53
49 94
33 91
54 84
90 21
21 87
39 98
79 73
56 39
71 61
84 21
9 14
94 3
17 22
56 4
38 17
85 24
43 98
50 37
79 4
31 85
37 72
99 6
17 19
37 56
53 76
15 81
20 32
4 6
4 12
94 2
12 9
20 59
36 5
99 26
83 26
47 22
88 22
32 25
32 69
59 82
25 94
88 54
49 82
92 29
36 57
80 14
34 75
86 64
18 21
60 98
9 74
86 22
12 94
82 28
83 69
72 50
10 88
38 2
51 85
74 94
54 55
42 82
76 79
38 61
30 1
74 68
27 50
69 40
24 42
12 30
83 62
94 21
59 13
95 66
95 74
39 91
15 75
98 53
22 10
99 91
40 46
84 40
24 51
31 90
52 60
90 62
58 63
76 56
80 20
10 93
74 84
43 96
38 94
48 48
8 48
41 69
45 84
31 21
95 18
41 91
56 82
37 39
91 40
75 32
86 19
90 97
74 2
53 93
77 89
59 42
21 4
95 28
42 46
33 93
80 18
98 13
58 74
40 75
87 43
28 11
68 34
20 66
85 74
5 13
42 47
48 11
10 92
23 25
81 86
79 87
18 93
56 1
16 19
23 88
2 98
73 2
97 28
49 40
55 3
24 34
99 52
60 88
50 0
96 42
3 38
9 15
7 40
80 93
95 25
64 55
41 38
80 29
89 39
29 63
33 44
7 6
52 25
98 40
48 19
81 91
32 55
97 23
17 14
91 72
74 47
86 92
45 73
57 66
8 10
16 11
71 45
25 13
66 82
40 97
76 38
90 63
94 83
13 52
52 58
24 90
65 7
23 35
57 17
91 35
53 38
73 51
39 92
49 6
58 8
85 7
10 13
10 3
33 69
44 44
80 25
23 99
88 89
10 55
25 97
10 30
97 85
74 1
64 21
36 79
1 91
41 15
65 76
82 5
73 77
89 69
4 18
46 13
50 83
89 15
39 70
1 44
86 36
24 99
10 14
84 98
7 39
68 50
6 41
73 38
76 4
91 45
86 5
23 98
19 69
60 17
91 51
87 70
39 71
67 34
89 95
63 86
36 66
71 4
24 75
12 69
84 99
43 56
17 34
0 55
61 84
60 78
46 47
81 19
37 37
51 47
75 21
85 15
40 80
52 62
87 22
35 10
93 83
83 46
20 46
25 90
29 30
31 73
59 70
44 65
95 92
89 7
59 94
60 54
68 29
67 98
44 98
89 2
36 65
33 51
34 70
89 31
96 93
49 5
73 39
74 32
69 74
56 35
94 82
77 16
78 94
61 36
28 79
80 92
82 15
61 40
39 60
78 8
92 55
44 77
71 57
68 36
70 62
73 11
37 23
57 43
95 30
33 87
41 29
61 4
78 42
68 64
32 88
86 21
18 14
68 38
13 87
95 45
67 63
2 25
44 27
22 3
68 30
77 12
89 62
65 75
48 84
40 74
21 61
11 20
56 49
45 52
80 30
10 83
14 50
23 64
1 82
99 64
90 40
74 97
83 32
53 26
6 74
81 13
88 46
21 67
50 94
31 79
63 75
63 2
5 47
14 76
64 16
83 9
19 95
23 47
38 47
31 63
35 76
95 78
53 18
85 79
88 93
35 40
33 64
31 54
21 37
82 82
28 88
76 52
33 26
53 16
22 28
46 79
98 78
12 11
53 8
17 77
22 69
41 31
0 85
72 95
61 18
26 32
13 38
77 28
63 11
1 21
0 87
1 16
59 2
26 2
7 32
40 0
22 13
41 1
2 37
95 60
21 15
91 89
64 59
43 28
14 82
32 57
47 52
32 51
20 29
68 3
58 90
48 92
94 35
73 73
42 23
95 63
68 94
21 24
5 77
88 11
43 23
19 90
8 29
7 14
26 96
0 41
59 4
27 45
66 88
87 89
16 80
55 82
24 44
97 56
25 49
26 80
44 16
3 20
32 61
84 84
82 39
66 30
22 45
67 66
56 68
8 15
89 26
46 23
17 32
73 13
56 66
40 47
94 77
76 67
87 77
98 64
14 12
70 41
48 86
46 71
24 13
34 13
69 91
75 37
29 99
23 84
44 42
97 2
96 65
61 50
75 93
64 96
24 80
41 44
30 89
30 5
59 21
15 14
42 52
69 26
43 99
65 78
19 99
54 35
17 44
99 60
15 87
91 52
2 39
44 11
61 63
43 7
55 95
4 50
44 63
37 84
52 9
33 54
66 29
40 19
6 35
55 66
21 46
19 35
49 1
53 27
75 10
81 68
33 42
30 54
33 83
45 80
66 33
45 42
5 69
72 36
56 99
11 89
81 2
55 67
29 54
49 99
54 68
61 12
60 85
21 39
40 10
70 16
16 15
80 79
11 21
15 32
79 67
17 99
72 4
48 66
63 72
54 94
73 94
67 10
69 58
14 81
76 86
91 9
3 95
40 55
98 36
25 16
75 48
43 43
62 18
38 36
77 59
51 51
40 67
27 21
29 78
67 65
96 53
71 48
89 64
99 68
7 88
89 92
14 46
94 23
49 16
72 15
73 50
69 9
54 45
0 83
11 55
38 67
9 77
88 24
9 31
86 32
72 7
68 62
36 13
78 21
58 77
2 79
37 69
23 89
1 83
29 95
60 2
93 26
18 41
18 46
35 97
61 59
81 71
60 32
60 93
94 89
58 71
1 42
99 80
2 51
44 43
0 18
53 59
83 23
74 28
80 31
47 73
49 51
58 14
97 11
3 91
26 46
21 93
30 88
47 26
46 80
1 81
62 17
30 94
19 73
69 34
95 44
62 92
61 34
99 55
27 59
58 91
32 18
52 15
48 56
78 56
52 75
32 81
56 31
1 31
58 2
84 34
26 97
91 0
3 30
85 95
51 12
63 27
50 92
63 3
25 76
91 23
33 16
78 84
68 97
61 98
53 29
73 37
85 2
83 81
34 89
52 35
56 84
43 8
5 14
90 99
79 94
0 32
63 56
72 49
15 27
22 72
77 74
72 80
42 85
16 17
43 61
93 69
80 27
21 88
29 58
58 50
20 13
64 14
1 93
18 28
87 11
6 27
1 11
57 7
87 7
55 78
81 87
27 2
0 67
86 87
60 37
17 84
2 3
6 6
36 31
52 54
76 10
88 86
80 66
95 65
46 46
71 41
2 67
13 45
73 48
48 98
14 19
0 90
48 33
32 68
4 36
73 5
41 92
98 98
5 90
8 14
29 31
62 13
71 44
43 41
32 84
46 33
74 53
39 0
92 20
23 7
83 31
58 9
75 60
98 79
47 77
48 16
13 61
2 82
63 43
15 70
68 87
79 83
35 24
97 87
64 32
92 94
85 41
94 90
47 27
20 8
97 36
53 80
80 19
33 75
20 81
64 49
23 19
29 91
4 67
10 69
97 37
46 81
66 22
53 89
95 64
80 55
43 2
45 68
91 43
29 70
99 76
86 3
26 50
67 90
10 57
61 1
14 85
4 52
6 15
60 61
68 98
40 64
46 9
20 88
38 24
49 78
19 92
21 12
51 72
44 35
59 41
55 24
67 74
50 39
70 48
62 62
90 95
18 26
71 5
67 27
0 92
87 26
92 69
49 57
40 70
99 7
70 99
97 71
37 30
6 60
71 91
44 48
94 43
1 13
89 8
43 24
77 66
95 86
86 53
77 76
74 81
56 56
79 92
44 76
90 49
46 89
55 48
35 31
83 35
93 84
80 64
17 85
9 48
27 62
23 30
75 4
99 97
20 52
9 90
51 18
60 79
43 1
85 33
87 47
78 99
47 14
53 50
46 61
14 57
1 9
22 73
92 40
36 19
59 36
74 48
17 23
39 38
93 67
25 30
65 91
15 13
55 44
2 57
6 54
62 36
92 42
63 1
84 89
45 72
10 73
97 22
18 67
3 35
64 13
77 43
51 23
6 24
10 24
12 12
72 16
95 77
58 75
2 92
83 75
30 48
44 85
65 52
12 23
54 44
51 48
34 10
13 40
44 4
66 79
96 46
62 10
34 37
80 83
71 74
5 89
24 28
94 71
72 94
25 1
4 90
79 32
72 59
66 28
51 46
43 92
79 96
21 56
19 87
4 23
1 99
6 71
72 18
88 9
38 59
76 76
25 54
1 57
52 83
9 94
52 55
96 85
32 45
52 38
74 55
61 69
4 35
45 21
51 95
70 91
82 40
70 64
13 89
37 41
65 48
27 91
20 71
57 52
57 86
4 85
44 82
75 36
69 38
24 19
82 45
35 46
43 79
49 76
85 38
65 59
96 18
13 19
68 91
3 77
50 65
89 86
57 50
90 34
61 68
58 65
55 49
46 5
12 55
10 47
17 45
41 87
50 17
39 80
29 84
32 32
21 20
9 89
90 79
9 18
10 20
49 58
50 13
43 75
96 21
98 1
69 52
14 61
54 1
93 46
68 0
31 77
30 22
10 26
61 11
70 45
83 43
65 87
36 84
64 35
64 31
74 87
10 31
2 19
90 1
50 5
95 71
92 53
68 85
36 27
60 66
81 30
12 84
44 2
77 99
75 62
58 84
64 20
6 85
85 45
23 54
63 33
7 76
53 91
27 55
89 79
97 9
24 82
68 78
91 78
42 50
3 58
42 83
98 0
61 65
35 22
72 42
82 37
33 5
17 93
58 57
15 58
12 47
89 47
7 0
48 83
74 43
62 40
81 26
18 63
89 24
12 28
81 40
48 63
14 72
56 3
63 41
97 58
68 19
40 2
28 7
4 68
49 21
96 68
64 90
31 37
40 76
91 96
96 98
49 52
40 66
51 62
0 20
43 10
0 93
12 50
21 2
58 34
12 38
46 52
89 72
42 30
5 45
76 28
85 34
55 81
20 7
76 66
52 87
99 18
43 68
37 43
20 16
14 78
86 4
9 49
21 35
13 32
2 5
25 89
97 94
34 15
36 74
50 15
10 96
59 98
76 69
29 76
32 52
73 78
41 13
9 2
10 91
50 29
60 20
25 86
75 25
4 64
38 4
44 86
63 53
9 3
3 98
83 37
19 5
89 99
45 64
27 31
37 71
56 46
41 22
77 65
94 75
44 91
59 89
30 4
15 65
73 21
10 45
88 19
3 44
97 8
63 49
44 90
74 16
82 97
54 67
5 91
35 85
36 70
39 8
47 28
99 30
32 94
26 20
25 88
31 95
50 74
77 63
2 12
60 15
38 38
93 37
88 67
9 60
62 54
63 59
82 41
11 90
87 37
43 0
73 95
56 69
62 61
89 19
79 78
94 41
35 17
99 57
71 55
45 45
80 41
37 46
96 71
36 48
94 88
39 55
58 17
20 40
88 71
60 29
71 90
64 41
26 76
91 48
86 16
50 11
68 18
32 73
34 93
67 45
44 10
19 39
11 40
68 42
79 7
8 79
13 54
37 20
42 73
78 47
65 46
5 99
29 29
26 45
15 19
81 61
3 65
14 69
36 15
71 25
38 54
71 82
78 62
90 50
32 16
65 0
29 82
19 57
2 69
44 66
60 69
49 12
63 74
99 65
61 94
58 37
65 28
10 33
72 26
55 76
30 57
12 67
36 12
79 38
66 5
24 14
60 26
18 66
18 74
16 62
66 37
8 0
64 81
28 17
46 69
9 78
30 58
67 71
96 2
51 52
86 73
48 61
34 87
56 79
14 51
80 54
8 54
11 86
59 73
98 21
4 24
85 48
6 17
13 85
99 3
78 66
75 64
45 87
21 63
67 82
3 79
47 67
92 71
65 51
7 26
59 5
23 69
96 41
2 84
74 75
79 75
24 48
69 13
83 58
96 77
97 83
49 36
1 34
66 70
69 4
66 16
12 3
73 61
10 37
19 19
55 45
28 81
63 89
57 87
86 74
67 61
37 0
53 53
11 18
91 15
22 33
57 11
66 50
64 97
84 1
34 86
23 63
67 58
83 7
32 8
11 10
41 41
84 39
3 27
53 71
57 25
39 62
25 27
26 3
33 0
42 49
55 69
46 86
96 36
66 74
82 72
48 60
89 78
36 43
76 63
33 60
23 8
69 49
35 39
93 5
87 40
17 76
48 0
4 48
15 61
60 97
63 16
49 34
84 86
77 6
54 21
92 44
71 78
9 9
78 44
40 24
58 27
49 18
26 90
7 30
87 24
87 59
2 11
77 92
55 97
20 4
11 98
98 83
83 92
77 10
1 75
64 1
36 25
12 98
95 54
63 65
18 59
84 7
52 68
8 55
59 33
4 80
94 67
59 47
32 9
40 32
99 44
52 10
10 61
91 18
28 62
20 18
80 82
7 91
55 4
20 54
39 46
65 41
88 56
78 25
8 49
74 42
8 93
61 17
55 46
16 12
9 93
14 42
62 74
24 74
93 56
96 86
30 33
52 70
16 50
77 67
54 40
17 2
76 73
71 38
92 18
67 35
21 50
76 27
35 78
35 25
73 89
83 51
36 37
68 10
22 91
53 58
49 31
84 83
96 30
6 23
29 25
38 34
27 94
65 90
94 6
94 86
55 53
97 63
53 3
0 26
29 62
59 58
51 56
31 7
77 20
71 42
39 51
24 70
49 24
56 87
8 70
95 98
7 1
59 34
90 78
23 49
98 76
47 99
10 19
4 2
9 56
72 47
45 25
68 33
57 3
89 67
21 51
61 91
26 57
94 45
84 24
22 22
71 87
97 70
4 32
63 63
49 79
3 75
76 74
87 10
5 39
45 98
61 55
58 81
54 63
34 25
88 65
99 62
51 38
23 75
18 17
70 32
10 71
80 73
52 36
26 11
20 51
44 84
5 62
18 50
64 73
59 17
88 80
59 7
11 34
29 13
95 15
78 64
67 56
4 22
39 94
0 30
30 20
65 29
53 54
4 74
85 37
23 78
78 74
36 41
6 2
11 95
97 31
66 94
56 94
46 7
95 61
29 39
59 25
37 74
90 60
12 25
75 39
96 19
0 74
15 3
84 13
69 88
28 93
47 17
22 23
18 76
46 11
21 53
47 45
63 10
82 78
55 56
77 90
25 25
17 26
94 14
25 43
0 53
66 35
53 7
0 58
66 51
77 93
80 90
1 80
42 64
63 85
26 6
99 22
28 90
31 23
83 25
18 84
99 66
39 45
61 86
0 62
70 0
54 42
28 28
6 47
65 80
94 29
8 77
5 20
71 66
46 2
27 69
57 83
85 40
63 6
66 93
79 68
75 45
23 29
14 93
28 86
57 13
12 93
54 97
0 2
47 47
51 57
39 97
91 46
55 18
2 13
14 27
32 39
19 66
67 31
82 6
5 94
36 3
59 97
96 78
85 29
71 30
95 82
75 44
60 0
64 63
76 31
35 63
17 56
85 83
76 64
92 24
33 28
77 60
66 64
24 9
88 43
28 32
62 58
18 12
50 79
59 19
23 90
85 98
75 11
48 6
56 44
95 49
61 22
47 91
32 36
74 80
14 23
91 77
67 9
81 41
41 45
4 49
98 69
1 69
14 70
98 29
48 80
22 75
4 96
25 3
31 60
95 16
2 18
59 37
81 65
70 77
78 59
98 58
0 27
26 61
73 36
47 32
58 39
26 64
9 80
56 47
72 62
42 56
41 21
37 7
33 3
94 64
14 62
29 81
20 70
85 62
18 5
41 51
36 89
36 26
39 96
11 94
90 12
97 78
55 89
67 91
13 76
33 49
23 15
25 84
86 78
1 92
91 63
52 63
72 35
53 43
86 40
83 41
9 84
88 31
70 23
82 84
95 10
35 47
93 64
0 72
29 22
46 97
90 47
79 33
86 17
11 37
40 59
12 87
77 64
89 6
39 17
91 93
2 10
23 73
96 69
2 55
86 50
45 74
95 0
23 9
71 32
76 87
55 98
27 28
4 92
34 66
12 71
39 4
78 46
30 26
64 64
59 74
42 48
32 77
48 22
63 51
22 32
74 89
44 59
57 44
57 92
2 8
85 88
16 99
80 51
6 59
46 27
95 97
95 24
29 46
63 12
85 93
35 0
70 2
14 90
33 84
26 42
21 7
15 99
43 89
46 82
20 79
28 70
21 5
78 39
37 27
48 57
26 65
41 35
38 18
0 77
70 17
96 16
26 34
43 82
80 3
51 58
32 87
89 85
61 72
14 96
83 74
17 54
32 24
33 81
82 76
6 18
5 84
41 67
83 88
12 6
80 57
67 59
38 83
42 6
60 49
75 80
98 15
38 87
38 27
92 38
22 31
97 3
97 89
49 17
34 48
16 34
87 28
5 5
81 0
93 41
31 18
77 35
35 2
15 25
91 85
27 68
80 78
79 88
27 9
62 11
34 42
14 91
73 18
35 71
7 12
40 57
92 34
63 79
63 28
9 26
87 1
19 0
6 64
8 73
70 9
11 43
25 50
48 95
40 94
62 57
41 46
98 66
4 94
79 74
92 27
55 51
60 50
53 65
43 6
30 30
51 4
39 63
57 39
70 30
63 42
22 89
88 51
71 76
81 99
16 92
78 38
19 4
82 63
57 85
89 0
83 99
62 94
16 79
52 40
32 33
8 95
23 81
79 79
63 73
6 28
23 77
89 33
55 6
41 86
21 10
68 35
56 34
69 31
3 21
5 56
49 98
18 57
18 39
90 92
47 7
78 87
23 92
63 37
60 67
0 76
93 16
46 31
88 16
27 48
57 47
43 42
85 3
41 40
62 9
74 22
31 87
46 92
2 45
23 36
5 48
82 89
13 91
4 17
8 34
13 43
71 54
93 95
19 28
37 94
21 97
1 0
31 91
69 44
61 64
55 65
53 62
25 26
20 27
45 23
90 70
56 50
25 67
5 76
91 98
95 52
61 89
86 9
31 34
51 71
31 30
71 17
53 37
17 20
43 58
96 89
4 83
86 55
88 53
32 50
57 91
5 95
19 62
85 1
30 77
58 47
97 17
72 76
49 41
49 77
89 42
85 20
41 34
38 72
38 70
91 54
41 75
41 42
47 93
68 40
72 11
71 86
60 70
96 5
18 10
33 41
77 36
5 26
40 34
45 58
54 46
68 5
6 0
55 22
14 31
93 24
95 96
68 12
34 80
0 73
10 65
29 24
54 72
7 73
66 2
27 87
12 27
6 81
97 13
90 98
45 15
60 3
51 97
6 9
85 43
81 45
52 43
72 1
2 28
20 72
3 67
33 80
10 16
34 57
59 50
8 64
9 0
73 54
6 30
72 75
36 2
74 33
72 5
70 46
0 45
53 69
41 9
42 29
64 57
64 28
81 81
45 40
16 89
19 25
68 84
27 93
67 64
1 68
84 88
1 77
24 41
76 6
99 99
37 76
80 70
25 11
63 5
11 60
25 87
57 9
73 82
28 37
12 19
61 76
39 39
99 2
13 7
22 70
45 18
85 53
63 25
62 97
73 81
91 80
42 11
17 83
56 8
56 28
51 28
26 55
85 54
12 76
91 73
72 77
45 77
72 24
84 6
23 13
84 3
2 72
37 14
68 67
4 43
84 8
63 22
54 50
50 28
94 98
49 39
12 43
31 43
27 33
0 10
32 14
41 16
51 79
45 20
44 22
28 13
33 24
89 68
77 39
39 26
12 80
14 98
42 93
27 1
49 71
50 45
19 38
87 87
13 11
9 47
19 41
9 40
42 28
21 70
47 85
61 87
76 58
5 41
10 66
27 78
86 47
16 75
42 91
90 39
64 82
65 11
98 9
51 70
74 29
75 84
64 50
39 88
86 8
68 15
98 77
48 87
36 82
46 60
79 82
71 3
92 45
66 31
70 79
97 91
33 25
58 1
2 88
24 8
65 54
50 71
22 82
47 41
50 48
57 93
6 96
45 14
40 95
63 69
56 98
7 25
26 38
16 31
7 9
6 75
18 64
71 21
2 33
35 51
30 8
28 38
64 22
9 73
37 17
10 23
76 24
15 97
12 74
10 85
7 78
56 83
22 90
56 38
60 10
13 17
35 1
66 69
74 8
24 66
16 4
0 78
34 99
71 75
55 84
20 50
31 8
71 68
15 28
86 58
59 93
17 95
96 59
17 41
51 36
32 58
4 63
82 70
54 4
48 47
27 95
70 75
22 78
11 11
28 48
80 61
65 18
51 59
28 58
26 15
39 34
28 20
26 41
25 70
9 87
10 82
49 70
98 80
32 44
9 51
30 74
90 57
36 55
66 15
66 14
68 39
48 38
57 29
54 99
43 46
74 31
21 77
65 57
24 83
62 96
6 80
66 96
36 94
38 1
29 21
41 79
35 38
55 9
32 62
55 37
75 26
95 32
29 33
55 13
69 20
25 41
43 29
24 17
29 93
79 1
8 69
10 27
48 43
50 49
54 39
29 61
47 11
58 10
0 0
14 71
34 19
40 28
10 38
50 67
59 24
19 33
92 92
57 98
96 40
5 61
52 98
6 51
26 73
88 90
67 29
49 43
21 57
61 0
74 74
39 16
18 7
58 80
2 29
94 85
8 60
30 2
32 2
73 14
85 61
65 38
2 93
59 62
86 39
8 27
69 24
36 30
86 91
10 17
34 45
99 38
95 12
57 20
99 75
47 71
34 28
35 28
70 26
97 33
80 22
53 32
69 64
70 84
77 57
82 27
99 67
76 23
68 7
61 49
52 30
51 7
84 60
81 25
99 79
62 93
25 61
87 51
92 97
81 90
41 4
92 15
5 34
37 61
30 15
13 13
8 52
83 82
95 37
13 47
16 21
47 18
72 66
15 37
49 65
44 58
67 1
17 55
20 99
15 20
54 70
44 45
75 18
28 36
22 85
45 63
80 15
3 76
81 75
8 46
11 78
79 86
0 97
80 80
99 53
11 9
14 65
73 92
34 65
15 51
22 94
23 34
86 38
21 33
66 75
91 74
80 77
6 37
88 82
32 37
16 87
12 13
4 73
24 12
84 79
81 80
44 25
41 76
84 50
24 47
62 26
92 14
50 75
22 19
69 67
90 7
74 73
64 36
73 46
84 52
44 14
62 12
53 4
85 36
17 0
65 6
57 82
63 78
94 60
74 82
38 8
60 25
6 79
67 11
38 75
73 60
15 49
75 97
84 59
61 3
25 20
9 8
2 90
99 71
21 13
43 17
69 50
0 15
76 81
32 82
65 4
59 39
7 60
1 59
40 39
93 94
42 66
81 72
59 90
53 44
45 88
80 32
81 36
65 25
47 25
9 54
76 59
75 89
20 63
78 1
93 15
38 77
69 0
20 67
55 91
65 2
26 52
38 80
13 18
84 63
7 7
7 97
60 63
66 91
43 50
35 18
66 4
61 19
17 89
24 3
62 6
66 13
79 30
62 7
0 88
89 81
61 52
75 92
33 53
11 81
57 74
76 48
42 94
49 46
30 91
41 39
70 94
76 33
76 51
52 73
36 58
60 92
96 97
65 8
5 88
36 29
24 78
76 42
45 49
79 10
25 98
88 14
2 87
34 77
13 65
84 11
69 47
84 26
79 35
62 95
83 83
19 32
45 24
3 4
12 82
46 12
99 41
44 94
38 30
96 44
18 48
51 82
36 76
4 33
78 61
80 89
87 8
10 97
73 53
63 30
2 78
3 14
28 9
13 79
33 94
31 78
4 1
28 89
33 61
7 5
47 8
90 45
55 23
28 72
19 79
42 18
15 24
9 42
20 68
39 61
19 60
82 52
62 1
70 13
27 26
58 73
76 70
93 73
30 73
17 12
13 86
7 55
78 48
95 6
94 31
77 24
93 4
42 25
62 64
51 81
86 26
22 68
47 36
36 93
16 40
21 62
37 96
79 45
48 81
61 35
93 22
3 16
78 30
15 84
57 38
45 11
47 83
37 70
97 98
95 56
69 70
98 46
86 12
87 94
51 16
82 68
42 57
42 27
87 39
65 94
87 92
22 7
32 49
99 61
15 40
73 69
97 38
65 35
14 14
31 86
29 19
11 41
70 71
63 14
86 99
50 78
98 63
45 60
22 59
38 22
90 52
6 13
8 80
40 72
74 35
96 57
66 7
16 59
27 7
0 3
98 89
4 15
81 84
18 86
21 99
29 18
19 46
81 97
78 6
60 81
11 91
45 78
74 19
63 7
84 57
52 44
92 56
30 19
50 50
92 33
96 58
82 19
43 86
93 51
97 76
34 52
18 90
92 13
2 91
47 20
17 65
90 41
24 94
55 60
13 71
53 42
56 41
21 80
38 14
27 4
54 14
26 59
61 45
35 13
11 66
75 46
3 18
80 47
25 58
24 18
33 39
64 7
23 95
87 5
96 72
87 62
49 89
39 23
26 71
65 72
2 77
49 10
47 3
27 16
60 42
46 63
21 6
27 18
26 21
85 39
84 42
64 53
47 39
28 44
36 80
40 26
58 78
54 27
88 27
82 38
89 50
55 28
6 86
79 62
7 98
7 16
68 57
26 37
36 63
48 32
15 83
88 8
70 42
26 88
17 48
83 90
70 89
24 25
63 87
99 74
51 22
22 1
56 2
42 97
9 37
60 65
37 38
51 19
98 99
35 93
87 60
42 95
30 86
17 91
40 78
65 92
73 55
22 25
82 99
18 19
84 0
99 11
96 56
77 4
36 69
11 7
95 57
95 79
22 20
48 69
46 84
35 26
74 34
98 33
66 47
30 55
23 41
77 37
52 31
60 58
66 8
91 75
46 57
61 20
22 83
17 82
3 1
4 26
71 64
95 59
32 99
1 95
7 80
52 29
16 71
40 22
96 90
67 49
16 67
64 24
72 74
32 91
63 71
17 31
84 22
74 14
65 98
81 37
78 19
69 59
17 78
72 60
49 88
2 31
15 79
9 39
46 72
22 0
69 69
30 93
81 67
17 68
97 14
12 70
73 40
49 29
19 9
88 58
28 53
30 43
81 35
70 81
61 2
48 53
57 94
89 60
31 61
52 48
64 3
49 85
72 23
48 90
38 44
85 19
96 27
13 42
18 33
21 22
43 65
62 15
5 0
42 2
76 30
88 3
54 36
58 94
51 3
25 10
78 54
46 58
87 80
56 16
89 51
5 32
31 20
30 69
55 5
96 1
17 42
16 84
36 18
23 1
76 2
35 96
69 11
32 12
5 10
12 20
66 87
47 68
20 84
53 47
25 9
89 37
44 68
36 87
69 77
34 97
67 73
53 45
58 6
36 17
30 72
98 54
13 74
18 37
3 37
68 69
7 67
92 5
40 18
18 71
11 33
20 1
70 95
16 97
72 43
29 55
93 20
76 50
32 31
50 99
85 73
62 44
49 74
82 61
92 66
2 80
27 13
4 31
79 14
16 43
10 59
30 65
8 63
93 39
63 57
8 17
33 12
34 32
87 44
2 20
98 51
77 41
34 50
47 64
65 20
9 99
40 58
31 28
56 89
