200 1000 687033169
107 167 854630361
107 148 256537233
81 103 594568064
143 197 255520533
90 101 800056096
56 131 502634376
21 95 904853032
4 171 6407250
145 179 240810680
81 179 36371526
7 154 991957691
98 177 855593802
44 114 601874686
51 179 902538543
3 169 325311114
57 156 354331726
38 97 444653117
27 175 246172472
28 155 376553610
40 130 919494664
105 196 593193658
5 181 745604804
146 178 400844580
93 130 655103124
178 195 289774744
64 116 331862125
3 67 765664014
24 190 227392957
89 123 376135159
26 47 180106742
104 152 304383429
67 98 93784042
2 58 587897332
133 196 884760041
32 106 666440878
111 195 187594156
39 180 327082810
10 123 529805458
43 183 839576552
158 190 75311721
36 115 302089528
4 45 862892527
71 151 125701029
61 126 422859410
3 34 789189593
73 199 963705770
3 32 499630085
45 66 362649399
141 160 883264581
14 115 105656867
14 192 294069750
124 191 265102221
32 190 787751481
85 109 578045243
126 133 723514433
97 167 427844287
29 192 608924633
12 172 778272729
7 59 612580020
28 121 821732658
5 100 960278279
42 52 221745897
120 157 363073488
72 104 812533461
39 108 81364106
39 103 962307898
104 114 684286563
45 145 839666177
154 163 18198623
193 198 442772557
106 151 506772821
64 102 604893731
44 45 169239004
61 182 785075041
7 194 569278167
64 134 888176127
70 196 746427770
47 94 432588743
57 196 447529537
71 162 168774052
10 175 62894537
5 87 757260666
89 129 207220852
136 143 111456473
52 166 288188005
23 112 900306257
109 141 592935160
30 165 97502994
55 175 698247347
44 189 165209900
14 94 627534142
12 68 427943761
143 186 546289993
70 90 413477769
4 16 600229765
11 171 585014904
41 166 764720123
112 159 753534667
108 159 893894952
63 73 520647640
187 199 108606454
95 156 508413795
162 175 910248764
13 129 491444341
77 129 28041120
29 157 795902139
128 166 29463001
24 151 278936128
13 71 905189870
135 140 637118244
14 17 37643654
169 192 946766149
63 121 51837731
98 126 807877393
18 99 813432539
129 149 540668113
24 180 209514188
109 167 183704217
106 114 475946413
122 181 610728999
21 150 250527064
30 185 173269444
20 137 328937770
24 177 498237470
136 140 665763070
33 167 837268860
16 186 484259490
106 107 513933493
96 145 942183449
17 51 821683024
69 72 959519536
170 177 956519492
133 135 906954989
10 79 627889062
11 143 550733826
149 195 388123148
150 169 469000749
164 198 770418514
46 94 934021584
138 174 905235253
178 188 976793791
98 180 410321550
53 96 767977556
81 122 868358243
56 108 540023735
14 38 479947023
94 111 423081116
162 186 208440350
27 95 854701023
15 16 576967109
75 196 716508346
13 150 828078223
95 172 257620522
167 196 241958242
4 133 610164562
7 192 437214228
85 155 352050598
0 50 865414618
19 120 669874727
141 171 923598795
2 197 588432743
162 192 118482818
12 31 994306280
108 132 322994339
51 195 737480607
52 116 574852471
60 172 364822898
54 114 691635708
60 106 386044499
60 189 167436838
60 195 786744768
42 183 222753089
7 157 794195105
23 48 564478030
34 184 342036289
150 188 82819011
73 151 325061327
155 169 497860418
89 182 667217464
83 126 664696715
5 18 479152615
104 163 246576155
136 142 814461540
21 60 733698470
38 102 460786647
2 142 334323011
103 194 761125205
44 105 405695690
139 182 376630201
3 105 184338701
144 153 756351922
112 138 93683003
146 147 883270270
124 178 319288002
135 156 985117998
8 190 372793707
105 112 262995705
12 113 432532331
10 98 595029169
43 74 555186168
56 62 743930346
53 60 353728186
113 175 18224700
133 191 545033073
105 173 780252294
20 106 583348122
3 160 195994565
21 86 397902070
0 48 526523016
58 126 828258078
21 36 64327455
36 198 831773238
156 165 638090276
59 72 399968803
77 190 150936896
12 98 510704886
52 75 313539440
12 32 35005461
71 198 678563243
36 38 399868338
7 60 220494702
159 189 246658932
8 138 649196410
70 155 273508962
60 154 986395215
22 189 869140720
29 92 95337709
55 154 32594028
104 111 231074643
160 171 880643621
51 161 374356210
67 96 919873077
81 182 623574516
101 114 116864208
77 80 751281424
98 127 298835201
14 101 405928023
96 185 199993112
15 17 949877215
119 198 208657680
152 161 177736253
58 159 615135994
155 178 304422206
30 153 121668149
84 150 968430532
33 94 587655347
71 195 504334338
98 199 833410901
36 54 525458988
49 72 485840283
18 107 383416840
15 161 868745882
12 54 285281341
49 115 94488149
34 130 697548355
79 88 87459078
8 120 630172762
68 146 247019676
1 134 26075485
120 159 585182386
28 139 236948604
175 190 701484304
72 177 439347164
99 176 995562090
146 169 431240799
88 142 490516189
30 157 103817421
134 194 324443329
107 199 530738314
186 193 855540613
32 62 953670094
45 85 174802777
67 176 744471585
45 110 461925032
32 142 704858083
20 177 351512943
54 99 126796855
102 166 467850242
138 191 226076789
163 164 520924318
80 106 647189952
64 177 647201414
44 97 459968719
89 162 886195910
82 181 680414359
36 82 831362194
2 105 529347438
97 190 530139782
173 180 160495743
14 165 492946984
144 159 61017616
71 106 189708736
89 197 649042446
9 123 923968582
50 115 131610234
54 62 105334882
151 196 409526306
47 68 371764222
124 199 422141411
30 133 985360569
85 91 669536598
154 191 715720218
141 185 510295892
135 180 369114319
44 58 411364231
110 141 656048142
62 130 984171630
5 199 150951899
52 198 97240131
15 115 463423544
55 152 246396200
35 110 454863068
34 183 161297634
12 57 530149173
76 141 537748627
31 188 710495440
25 76 134093917
81 178 301581181
49 91 251923792
5 111 530787514
172 181 524372361
164 183 884825338
0 162 632122327
65 118 36845829
89 155 262204958
123 176 123030316
80 82 25599006
42 106 135901373
51 58 272158365
74 144 292710115
140 198 851271228
77 123 350696762
75 80 920812786
42 76 620033963
41 77 902129630
106 168 940580041
70 167 809002817
49 197 603623939
59 178 7619188
28 60 466141480
58 81 428886097
50 88 582473920
4 82 134901144
63 108 302470742
17 60 100264619
75 175 542966057
66 166 634205311
50 98 203600567
85 113 946302426
52 164 577568756
170 182 514689411
116 194 771280951
58 169 667489279
19 83 846408875
137 166 516822673
126 190 817515335
71 164 214239223
158 169 749335069
101 108 217719970
90 167 929008853
145 195 193964367
141 159 911348738
42 170 247129185
37 195 105723647
30 121 696844084
4 38 199954856
26 178 372780767
47 138 100025203
137 150 816412951
102 168 629673472
32 90 728615087
50 119 297452878
37 169 785888394
82 116 221830827
48 118 416939108
96 122 27370413
92 189 468757710
66 186 584665333
42 194 979547659
126 189 783120427
122 153 246170555
170 187 691001901
76 94 301488679
140 196 277043932
9 24 728283832
137 178 222084456
123 189 674997164
127 159 845817735
119 173 819410679
117 140 765806103
14 169 348548344
79 111 38060922
0 180 172698899
47 131 318914426
164 188 442862619
44 101 278939677
99 195 200106516
71 118 587586395
98 148 187203829
84 159 355100171
86 165 504091550
47 74 793972466
1 187 715218840
48 194 684257954
8 112 318477430
168 178 916868484
27 139 957560951
126 158 661358878
55 181 690955242
23 92 825522266
28 176 880541884
31 119 523856338
144 164 760817824
52 177 811544
130 153 758498968
127 150 159252413
54 116 735820733
7 189 802168618
41 164 361935045
13 102 381180396
74 149 805459020
91 104 901339532
41 181 735394238
13 165 570384248
78 177 874667632
63 119 946882697
28 174 333714842
67 134 914041692
135 162 919099440
16 180 375150297
6 172 890506450
72 76 510691585
51 118 655927091
76 125 624218040
124 198 503631043
114 140 23365953
46 181 791265367
104 199 511062927
110 139 74823799
89 104 630455630
38 148 616263176
31 93 544162880
46 148 968707432
52 190 138734834
78 194 40333209
6 64 562871089
2 160 285666824
42 92 673159683
119 154 493874747
73 96 617248641
63 126 699519054
67 117 816351007
120 193 708627696
23 177 703748717
90 192 916646313
85 181 157484113
136 173 834306294
129 181 768540359
161 177 397945248
86 141 73757140
99 152 142374135
111 172 135502000
93 196 162997531
51 82 197433343
121 162 689418510
112 136 839170105
146 183 932140262
72 132 186799985
58 59 184989402
100 151 774154245
34 95 564805711
40 92 978939481
65 198 261436110
138 183 217850050
5 164 377275979
47 139 443197711
82 143 553122290
40 113 358616012
56 110 952790507
99 141 209850172
27 30 729974577
17 130 720144470
146 160 804014034
73 74 419163245
107 130 714058801
105 195 79841537
58 121 380505350
0 16 762633792
12 76 186541303
56 60 797456047
144 184 901432112
83 195 543233394
51 134 736847932
24 104 69252631
21 26 928056895
54 110 620502569
45 108 456854787
65 165 196094819
113 133 368567203
61 169 699226044
6 30 366776140
43 57 709459475
24 82 409570612
21 46 624098948
39 145 416637509
25 44 627177951
79 170 50714503
0 17 230987801
75 87 251716091
28 120 472261317
28 175 564994850
12 126 193801616
156 198 746899205
37 49 724444423
3 79 185281919
21 80 838559027
42 152 314665042
45 105 532851525
99 135 768507996
24 130 912663543
167 198 243252572
90 147 857366652
115 144 82572225
111 115 392982980
4 41 417953015
29 154 451167562
64 67 810974841
9 194 201890136
8 42 219581408
67 137 534990504
52 194 890308367
28 88 484346904
24 71 122382647
42 177 260644539
3 177 496262753
35 163 381572965
16 30 401803168
12 40 280692837
41 78 960298818
80 162 764867371
39 163 486802360
111 174 33180842
116 137 616188735
123 175 53672881
8 191 232755835
21 173 106756733
8 111 301036632
73 117 858873251
180 191 725567228
47 92 421816088
2 159 526605363
29 182 158866075
37 180 393013775
2 84 176026053
52 87 584233625
91 117 361185603
124 170 297599521
52 98 637739748
73 187 167387206
60 83 300208429
121 147 189679914
18 144 2769623
17 69 643951580
104 177 161946850
22 163 73438292
128 170 62540202
84 198 835424649
18 73 86896557
112 131 8781935
110 143 423286634
112 137 142339811
24 45 985285605
76 107 215626841
39 48 411941611
103 126 350983377
151 190 232120309
10 40 132446165
64 92 654323389
60 144 158063495
66 197 797794670
72 135 571574330
67 114 268136223
54 190 568011626
24 32 776724879
94 159 930655551
74 189 735681045
88 101 936738355
61 136 249138518
57 178 538789246
74 165 433750462
66 113 748899760
33 190 17658777
12 179 361609465
27 46 559461216
56 164 152994356
4 70 63161473
39 119 562965158
134 136 439318639
33 139 715488311
82 173 804666750
88 126 107220569
26 107 312824703
44 82 492981952
29 91 325293949
62 155 365294516
62 100 342244456
16 122 759919280
51 124 339149348
1 130 253927801
98 124 311728490
149 165 271375193
39 126 145092869
46 170 493850007
20 165 285089436
103 175 725537147
72 126 490231056
80 149 665265292
6 45 429841918
101 115 111850036
49 176 528063700
21 133 676386020
71 103 223641615
27 87 589161370
16 151 461621469
25 78 130133
61 193 680920726
14 149 66250237
138 198 333933809
62 97 228558849
151 163 830781549
18 49 945039685
48 155 147036475
46 167 738428905
114 176 152824634
94 110 405704435
29 129 717747523
45 101 716326429
54 55 669104347
15 120 554080404
15 101 899111570
9 117 359182033
112 192 960376286
23 70 303991525
56 157 485348590
97 146 809088170
45 142 431467401
58 193 989531592
34 110 674362748
117 189 235929040
96 193 636918722
68 182 94407857
12 174 919974072
130 191 874486297
16 197 55405735
81 176 285088053
97 126 481980775
63 196 17906869
119 146 473710012
94 113 252203996
114 193 508776933
8 21 551018205
2 87 226226750
77 130 519567027
43 80 378548018
42 144 580607128
11 163 231807636
80 198 357194070
50 91 685750976
116 167 425364262
67 145 801607604
125 130 204517958
65 73 285987943
110 164 78355592
85 118 746371091
101 194 245803999
85 98 113793666
30 146 791960707
86 135 219862231
161 166 636417575
93 191 30010006
89 131 264643265
156 169 166099271
9 138 116982285
9 182 416412264
98 134 594600508
149 180 498160611
14 67 554894469
62 137 547438095
60 86 191660510
75 162 928070609
103 121 35756436
120 162 257693570
91 119 232573520
67 122 129852103
2 55 982217305
84 179 290478604
109 157 652885244
48 151 829431145
113 169 518895620
108 172 257752845
21 51 823875024
115 146 989507871
41 67 991251912
31 141 645191227
44 132 995461506
22 25 215667993
82 115 183970490
31 173 620957566
35 159 782665736
35 94 16806198
63 66 284328222
40 135 653135140
0 112 927826986
16 100 418865833
59 102 102960383
184 195 874316738
11 84 833343818
67 178 82695765
34 116 100560158
65 113 256089997
183 185 503849602
72 112 45768014
93 94 274332952
20 172 484074641
96 148 252371662
70 138 684118431
90 94 521506955
148 184 543886111
44 188 571800880
142 162 690184094
59 125 950075739
141 161 81069523
19 39 70037901
36 105 17280453
15 160 843192917
4 98 873863544
91 112 361297351
25 56 469821151
137 147 937688221
9 101 460661511
27 90 994889793
107 169 865574732
29 111 697029612
43 198 24438339
24 182 602694326
67 83 638942942
94 158 129545942
9 184 197649522
62 187 255154146
25 150 268573234
141 189 443611669
16 25 921581110
64 110 103538910
16 17 391964955
49 189 21462299
40 42 781072386
22 87 340546350
108 195 128333369
65 102 35368206
36 63 659273877
28 117 553764008
29 120 283592382
16 37 850725333
113 126 663097925
139 183 181460942
27 125 183297452
105 184 876698652
102 132 921997432
120 197 766611004
113 180 708466721
45 103 250087719
23 50 235819076
95 171 884447047
86 102 874566425
148 176 33357001
27 166 328959397
101 104 995550507
70 82 206490497
140 156 938217347
10 67 674657978
28 116 523135307
1 39 993803652
138 164 566915456
46 104 343181713
98 138 548610867
131 142 552734741
78 191 796178852
87 114 686569700
76 188 108635243
133 155 952516384
99 193 501114872
123 136 672719546
54 192 472014054
74 93 881481115
50 120 86885760
141 182 574523979
140 143 697914211
114 151 560589434
38 93 848275047
188 195 143572712
11 55 204850316
11 110 787683949
17 195 933485656
50 90 615495329
16 64 937360850
24 26 55808778
45 81 948847690
21 198 192676623
175 199 439472382
143 170 252340106
70 99 239472462
173 174 451807079
56 128 683407082
43 96 344388919
44 141 191552807
45 173 194287746
90 158 485867161
31 62 491624402
123 182 291001765
99 128 266667480
183 195 172585014
60 165 336930105
94 148 34109911
16 124 543160353
70 173 223824866
5 135 208019837
17 193 548453745
13 166 108889981
105 153 172083938
155 195 798871639
181 187 620385712
42 167 196811927
70 186 951787388
47 154 523742040
90 177 323777790
130 135 336397484
22 100 436596695
28 47 681846870
37 158 886398180
6 192 971234524
30 190 935032753
106 145 392662594
127 195 459798175
6 189 890976095
24 111 600199163
67 119 459953282
20 41 809425520
37 184 437068017
97 100 625064782
66 157 322921853
33 93 535424673
76 121 438616725
143 173 145852032
60 79 136547699
91 196 617462250
38 84 347733718
80 169 982884521
77 179 452641707
12 123 374826626
13 149 898490210
37 182 469674150
104 154 904217136
58 103 111610330
6 79 374960238
56 156 735457355
26 100 243845754
68 150 321019984
115 186 849857482
56 90 757341092
10 83 460779296
78 85 485674310
25 197 296341741
76 194 823020933
3 59 97871942
48 76 681173867
86 187 893608847
49 83 347543236
12 27 994473251
33 49 754610400
61 145 928125635
57 184 27835204
75 153 556046946
25 61 400442972
48 121 187360622
150 171 400653219
121 189 73282380
42 175 907040322
8 11 210114339
13 148 196719402
21 54 309599528
54 186 663791344
97 144 682504387
51 196 995440008
16 140 723966352
29 144 160698014
61 90 90209836
13 170 258771646
18 86 906307643
106 153 703443458
101 129 413463666
85 101 446771318
12 118 76435850
78 84 736221035
71 78 929122828
115 145 462985125
55 57 348070679
122 151 730949553
122 138 894906674
28 118 939945681
22 96 634985477
28 91 91362478
56 106 874040603
5 159 541208457
45 87 394423966
31 52 56550262
30 175 118456342
61 64 292781437
83 96 150381158
53 71 709399514
47 198 477401508
113 134 908154110
2 90 761097441
164 180 980121656
59 109 383956164
130 169 414802525
0 119 147832149
41 91 309280939
80 188 314922537
34 186 11675451
59 158 704460521
7 119 746967355
100 156 112380143
51 140 555311667
115 123 75432025
1 22 236098341
147 170 322955433
105 187 546955079
129 169 976852100
70 80 382686926
154 158 476548833
134 188 977488911
159 161 651420060
132 136 847649155
35 82 584657165
28 127 285256476
16 46 484166492
108 129 78756615
74 162 606797226
7 121 20206804
9 179 366981374
90 127 386652231
57 116 691631900
107 177 206198546
1 177 704072956
115 163 307072647
89 165 244634107
22 42 88375036
180 197 470424514
34 141 816169282
124 154 317642697
160 185 685549719
152 159 223193768
7 103 608860614
61 74 348965050
8 56 426821454
186 192 528845821
100 114 369893173
82 103 348505949
8 65 343176929
3 20 903560242
48 189 623950616
55 69 657683531
172 186 124904390
132 166 538098388
149 157 267134345
91 126 263240238
87 90 320013155
79 174 133486001
41 172 428225355
22 23 677857663
2 179 272200748
38 100 856182015
68 76 903229581
37 132 257086992
11 138 96554426
102 178 790823041
6 84 356431124
69 130 224040515
100 152 918111893
94 184 349206313
173 176 629001759
43 50 480867645
121 196 480494939
126 149 860234505
13 62 830654418
4 27 449108270
40 154 152034257
37 89 275963514
120 167 837570584
164 179 689344843
