80
83 49 39 59 8 39 99 37 62 84 28 24 34 96 84 31 12 76 12 43 72 0 40 17 76 69 94 29 78 8 91 54 47 37 54 83 76 96 92 11 31 49 41 34 43 2 91 91 29 65 24 75 52 94 29 95 44 36 82 38 26 90 96 80 20 16 88 99 92 29 82 37 85 13 48 47 6 6 7 98
11 29 88 75 77 61 80 9 57 37 7 92 87 62 38 98 76 70 81 25 64 55 51 14 69 4 10 36 31 80 12 84 79 46 55 91 92 13 44 33 32 31 56 45 27 32 66 66 30 54 44 43 19 75 100 73 12 83 69 93 96 22 54 75 71 1 31 89 31 17 66 39 70 20 80 15 57 45 60 29
18 8 1 99 8 49 100 61 74 47 95 96 75 85 28 78 30 38 27 49 46 36 18 91 49 34 37 11 11 47 18 91 20 38 39 22 72 81 16 40 35 4 95 34 68 15 17 28 40 6 9 23 90 55 62 97 94 83 35 38 61 16 83 47 85 45 12 2 16 86 90 96 13 30 63 92 62 7 23 100
64 98 75 67 95 44 40 54 10 28 75 51 23 98 34 36 13 13 34 27 63 42 69 27 92 66 7 94 28 6 68 22 64 41 8 23 86 69 0 65 20 77 79 61 45 44 89 12 45 83 25 12 62 85 19 81 43 10 8 52 12 71 71 21 43 77 54 15 39 96 24 36 100 37 77 58 43 14 15 58
57 1 52 54 89 40 4 89 42 47 96 19 58 58 92 72 85 99 86 14 64 80 25 34 51 15 34 62 35 51 0 47 37 25 24 23 36 85 68 55 88 54 26 48 68 2 32 81 50 45 77 25 62 92 89 22 32 94 85 6 93 52 71 64 7 44 34 75 11 32 6 1 1 24 87 9 26 89 60 57
38 69 98 52 66 67 84 4 39 30 33 36 72 38 17 78 34 33 37 23 16 36 68 30 45 43 40 72 66 12 33 55 84 60 3 25 82 69 85 42 27 99 67 76 44 22 81 50 26 53 34 61 21 68 64 21 35 64 94 3 60 44 25 94 22 64 49 67 63 5 31 80 13 82 100 35 37 5 25 69
76 50 39 62 82 14 45 76 49 77 43 15 50 19 48 73 88 41 26 87 29 61 88 51 28 31 29 35 27 81 95 13 29 64 8 92 58 1 10 98 83 38 55 88 46 39 6 14 23 6 36 52 100 59 52 94 27 4 49 22 21 50 35 90 91 39 39 81 88 69 65 32 82 12 45 84 60 64 53 46
76 6 57 79 89 0 66 61 99 25 0 23 94 2 86 34 36 72 99 95 31 31 85 75 5 34 34 30 10 13 63 77 84 13 18 84 48 45 60 30 97 95 22 31 21 57 60 58 24 38 75 65 80 79 12 10 65 69 3 18 51 41 50 11 0 98 43 12 56 92 24 54 32 77 47 58 60 47 57 59
100 81 0 73 7 15 41 53 95 74 88 16 19 66 2 30 100 80 72 55 97 26 63 96 30 79 27 32 2 78 72 46 20 98 38 48 59 46 48 4 40 11 93 44 62 13 50 96 89 31 84 2 53 89 89 55 96 93 57 28 65 19 78 4 100 81 23 19 91 29 30 86 41 94 59 55 42 64 39 64
8 26 13 77 88 41 44 63 76 35 75 33 57 15 52 67 18 71 42 54 9 30 23 85 22 39 92 100 89 67 18 37 69 91 44 62 97 63 94 49 75 54 25 68 31 42 7 3 75 9 59 88 77 10 75 99 87 41 12 60 9 20 52 26 85 9 88 24 9 78 47 51 56 6 57 69 69 45 80 32
72 70 56 32 81 61 78 44 11 60 27 79 96 93 52 72 36 4 42 27 64 44 31 98 4 45 61 67 50 39 13 51 30 31 21 72 86 23 7 50 13 54 18 9 53 54 57 1 3 97 4 87 46 19 87 46 5 85 57 29 60 24 21 47 70 72 54 39 11 24 98 78 5 74 6 23 14 52 33 23
13 54 29 98 59 53 79 6 100 33 77 46 90 93 53 40 58 27 96 21 97 74 58 0 85 85 8 12 47 50 76 84 19 72 91 84 58 0 99 10 28 56 13 83 61 57 90 93 35 3 89 44 25 16 35 53 4 4 56 28 4 89 73 18 16 33 39 14 37 97 89 43 60 10 40 65 75 86 35 8
72 91 16 5 92 73 13 29 99 48 45 55 89 65 49 54 18 69 98 13 98 81 21 40 13 42 57 64 0 72 64 64 23 53 80 52 23 9 68 30 82 24 74 66 7 29 84 91 92 56 3 100 12 71 70 67 58 64 99 29 78 32 87 24 80 11 88 0 48 22 17 17 80 10 92 0 82 45 12 97
12 40 71 85 52 66 50 6 10 74 61 88 55 97 97 15 11 43 31 59 87 4 59 0 28 63 77 7 13 17 48 14 54 30 11 2 60 85 42 30 63 58 87 8 90 35 71 33 59 32 0 37 65 61 37 90 88 20 56 23 57 76 43 77 12 20 94 27 95 14 33 24 46 98 28 73 14 84 11 10
99 43 27 78 66 100 80 9 26 40 0 97 100 57 1 58 31 62 42 5 24 9 4 98 47 40 24 49 47 72 89 59 93 95 50 21 70 93 14 82 14 80 20 67 42 89 75 69 72 56 17 59 78 26 73 59 89 12 53 94 79 3 46 73 20 1 66 28 67 25 100 77 55 88 61 23 60 89 15 25
32 29 22 89 2 11 5 43 36 1 35 54 4 1 89 51 24 17 65 42 21 95 4 29 51 51 30 53 100 63 94 29 99 88 43 75 44 77 34 44 74 61 22 92 67 66 37 32 39 73 22 92 32 9 47 47 25 76 85 52 95 72 63 63 28 49 72 94 30 83 56 61 14 86 49 48 5 93 76 77
86 39 12 31 82 95 81 45 94 60 60 93 53 26 5 23 76 87 55 92 69 61 47 48 81 17 60 81 67 0 7 61 8 20 64 13 22 22 48 28 49 63 9 24 22 89 50 65 67 45 36 98 78 40 16 29 3 49 10 84 45 48 55 96 100 88 51 80 75 79 99 19 80 11 64 27 68 42 67 52
12 38 49 99 71 38 93 89 37 40 47 72 25 44 7 49 75 84 14 84 8 73 58 72 99 62 80 38 79 24 77 81 85 14 78 47 68 95 32 16 40 2 99 67 33 21 5 75 1 63 76 27 15 85 99 84 10 63 54 65 13 53 61 86 90 24 44 14 57 21 88 84 32 85 62 84 24 100 12 21
100 83 62 33 12 35 70 81 24 86 14 55 62 74 70 43 51 69 9 19 77 17 10 53 27 30 91 27 51 9 77 44 13 57 98 94 78 57 17 48 62 32 24 12 44 85 82 85 10 41 7 46 80 46 90 43 17 54 74 39 23 97 86 50 54 57 46 91 82 49 66 34 59 19 77 69 59 12 65 35
94 31 5 0 29 35 34 87 32 82 26 8 90 36 63 85 14 38 63 68 25 15 68 74 65 30 26 92 5 62 29 1 85 47 60 4 79 26 82 0 76 82 36 64 5 95 31 13 28 94 24 6 17 5 44 22 30 25 5 78 13 82 53 19 95 13 13 52 51 73 66 14 88 91 40 94 72 22 31 30
32 28 95 69 26 36 60 83 3 83 19 23 12 89 51 73 98 33 14 41 61 96 98 30 69 65 37 100 62 60 26 48 100 65 91 16 65 61 88 27 87 78 48 44 74 72 93 10 41 49 18 54 18 60 55 27 25 87 37 100 5 74 5 92 55 36 69 45 20 82 92 58 1 98 91 45 29 9 98 89
24 72 57 88 21 51 95 78 97 26 16 60 52 66 69 10 40 94 68 11 20 73 12 62 55 22 94 10 7 31 98 30 81 1 85 46 2 50 78 88 16 73 61 42 53 94 9 25 39 98 54 95 78 41 84 65 64 53 20 20 58 2 42 54 95 90 62 76 53 59 22 89 91 13 37 89 76 65 100 59
37 0 22 65 14 13 33 21 74 15 54 41 28 35 37 78 91 75 87 72 40 99 56 43 52 58 73 38 63 88 20 48 35 87 60 29 71 64 4 100 42 7 88 6 39 48 49 62 25 51 29 21 18 12 59 76 54 57 94 10 84 93 23 72 17 87 25 42 21 83 47 54 65 53 61 19 4 88 2 69
50 68 96 60 39 3 19 31 92 22 2 57 20 99 57 7 87 4 46 12 84 84 92 10 6 55 48 80 68 23 92 66 19 2 49 93 23 47 86 29 20 60 71 40 59 52 97 77 74 38 75 74 59 25 94 96 70 26 19 46 84 92 51 9 94 100 4 95 55 81 31 74 82 100 61 2 20 93 14 65
88 72 87 21 91 56 87 30 36 56 64 85 83 6 82 26 16 43 53 86 91 9 0 100 26 8 87 23 68 74 72 4 47 51 33 80 83 21 76 5 66 15 0 47 76 63 73 9 85 4 26 66 96 46 43 28 4 6 41 82 23 99 59 78 73 36 6 2 87 88 2 29 73 16 60 3 45 96 32 2
2 13 7 48 47 71 53 22 100 76 93 49 33 4 37 97 14 88 41 91 33 16 93 69 54 88 94 88 64 29 25 66 59 43 28 79 53 73 50 17 94 8 67 97 49 6 13 22 94 52 59 3 100 29 8 63 7 4 17 51 3 66 84 79 42 2 59 92 94 35 36 59 5 85 66 6 68 82 63 9
65 4 98 90 75 29 10 43 81 67 39 0 87 57 45 79 62 61 84 42 32 4 18 91 40 11 0 20 6 21 56 41 30 11 36 57 75 52 48 13 95 23 28 76 51 87 49 42 62 56 28 23 24 47 92 4 89 8 17 79 21 36 100 74 81 25 56 80 33 85 42 92 81 9 42 62 96 61 94 37
59 96 58 98 93 40 65 79 93 18 81 44 41 84 64 11 42 39 17 20 61 27 83 57 88 58 66 65 53 95 69 6 45 7 43 65 72 100 83 74 34 21 80 28 89 46 33 12 23 47 91 25 67 11 44 100 19 73 87 83 23 33 11 85 46 12 39 82 59 46 73 42 94 16 32 98 48 86 23 80
3 80 64 11 95 54 8 42 50 29 51 42 95 67 62 87 60 93 70 50 79 16 82 29 4 22 100 59 42 60 95 68 14 84 100 95 46 3 85 76 18 24 64 8 17 42 79 25 90 87 32 76 56 50 31 33 28 82 36 83 16 56 62 25 35 96 98 75 85 90 78 39 91 98 20 22 9 80 95 74
72 98 50 78 54 65 34 74 26 66 43 85 26 95 49 93 30 9 36 16 77 20 56 68 82 60 16 27 78 4 46 18 47 85 97 50 84 32 42 36 36 71 55 69 8 76 55 63 100 66 29 99 42 97 57 14 48 46 79 27 82 55 73 46 5 78 26 94 19 97 59 43 87 14 25 30 0 28 58 77
32 10 24 95 51 0 34 75 41 25 19 76 37 43 92 41 19 20 1 59 81 19 45 86 47 45 1 90 39 94 40 54 18 89 95 36 29 77 100 57 54 68 54 81 7 81 30 43 21 66 97 13 92 27 39 12 46 38 75 72 97 53 88 43 0 77 53 82 88 89 91 11 70 96 92 64 89 1 52 31
94 73 5 96 76 60 35 51 49 58 58 41 43 6 15 72 39 19 91 88 56 53 2 31 30 64 12 57 65 51 75 12 56 31 66 34 11 34 84 1 47 51 24 56 95 55 40 91 93 92 71 67 74 22 29 42 10 8 44 33 24 69 82 16 45 86 17 92 64 98 29 62 85 65 47 49 45 26 9 31
34 24 49 30 95 2 11 87 25 22 33 5 61 16 86 47 68 69 53 31 51 51 43 98 67 40 83 3 30 20 9 18 31 46 1 38 13 37 37 58 32 24 10 17 38 65 82 22 87 63 53 48 12 59 65 26 11 12 1 28 93 59 34 22 18 30 34 15 91 92 22 52 72 95 20 46 28 31 6 36
94 72 23 79 17 13 85 89 65 52 38 44 34 20 76 12 94 28 54 13 80 17 97 61 13 18 25 58 35 60 30 63 87 97 19 70 0 56 44 39 62 45 50 43 14 9 54 29 26 99 70 29 39 93 66 20 87 4 28 47 57 42 14 91 34 36 92 88 11 7 97 16 67 50 76 37 61 9 15 14
89 19 69 90 31 13 10 83 70 95 10 4 82 83 64 47 26 65 67 38 96 5 23 92 20 77 77 86 85 72 23 58 77 85 67 87 66 57 70 59 1 36 9 7 68 21 60 50 78 0 53 2 71 64 85 66 69 31 72 32 38 46 79 55 43 91 79 1 40 78 66 61 18 9 38 70 38 30 11 29
5 42 29 7 91 50 80 54 15 16 69 93 42 97 88 51 0 52 94 96 92 74 83 74 72 26 79 76 13 97 50 2 88 5 51 89 95 25 70 11 26 63 29 70 82 42 50 13 43 0 26 11 78 65 5 68 31 10 81 57 57 31 96 2 14 50 54 80 84 66 37 78 89 59 20 54 35 30 75 36
14 72 71 53 78 31 4 60 100 40 41 77 13 17 94 60 37 26 38 37 98 60 44 93 16 51 20 19 29 93 61 24 17 44 75 49 88 37 34 18 52 16 14 38 62 97 61 67 4 82 21 25 3 52 62 25 25 46 52 58 92 70 45 39 86 68 40 88 41 64 78 33 21 79 85 71 40 23 86 4
26 59 68 21 30 9 64 52 44 14 76 61 10 81 81 41 92 42 3 50 53 4 5 65 72 29 72 47 88 10 7 44 81 44 86 4 84 31 40 34 32 21 52 31 22 77 32 31 58 55 20 23 18 99 97 19 58 58 33 97 92 59 1 57 84 29 24 82 52 38 17 56 25 21 2 8 16 62 62 5
2 21 43 28 73 27 89 72 2 40 50 29 98 38 56 56 79 24 17 94 63 29 2 81 94 91 14 19 17 94 8 88 83 58 42 17 21 80 25 93 41 0 0 55 9 3 24 25 85 3 64 60 65 60 14 66 14 18 36 38 62 48 96 52 97 55 16 0 13 12 23 27 24 77 42 95 74 89 1 77
90 76 46 75 28 97 45 97 20 64 10 10 88 31 3 4 51 1 42 71 26 42 29 33 95 80 71 48 10 88 1 87 87 3 97 33 98 98 39 34 66 1 29 18 9 47 13 56 27 0 80 78 76 19 92 70 86 77 9 80 3 61 100 33 88 15 66 67 81 76 71 11 22 79 69 33 65 17 62 65
43 3 57 21 55 34 82 5 12 59 19 31 78 2 21 93 2 36 21 63 48 15 15 52 88 16 98 92 2 82 94 39 99 51 45 66 85 53 30 88 85 61 10 24 91 65 64 68 51 74 24 45 42 49 1 67 23 26 82 37 75 3 3 58 7 87 46 41 71 15 15 6 44 58 18 50 68 51 51 80
14 59 93 26 12 30 14 82 42 98 58 98 70 58 60 41 62 92 43 64 76 48 7 23 23 77 43 33 22 8 19 10 14 2 48 88 74 46 56 75 65 69 47 25 5 24 13 52 2 52 14 8 93 71 65 53 98 15 97 50 73 63 21 74 80 34 86 91 81 75 11 55 35 79 52 21 13 87 76 28
48 89 93 90 23 82 93 40 59 26 92 51 79 66 53 57 11 9 82 80 76 64 81 29 40 1 9 65 36 21 12 79 9 74 90 36 97 41 1 8 26 68 13 46 85 87 55 3 14 29 4 89 6 63 79 27 2 15 45 4 54 53 51 11 37 98 54 53 31 7 94 98 67 46 31 94 10 84 37 80
32 65 45 0 57 29 88 9 88 20 8 34 50 28 95 57 57 50 24 52 63 98 9 17 90 19 66 75 13 81 96 16 90 21 34 87 95 87 90 51 84 57 86 15 21 25 1 73 89 19 19 78 86 24 24 13 67 61 100 37 48 35 59 21 58 58 58 25 93 77 20 47 23 5 44 35 75 75 81 54
32 92 70 2 87 33 35 79 16 40 56 11 100 1 8 87 73 50 18 59 61 21 86 12 17 18 98 21 84 85 54 77 32 85 15 88 22 30 90 38 49 34 22 27 37 28 62 66 12 53 99 9 99 97 6 37 20 70 6 90 0 52 76 95 14 14 72 100 71 52 53 7 27 45 81 8 49 51 89 49
51 44 62 33 30 14 69 94 19 46 37 94 82 22 10 1 69 15 96 7 84 49 71 16 33 23 20 58 46 95 93 30 56 23 54 98 66 58 61 58 20 87 19 43 35 37 54 17 45 3 89 13 87 40 63 78 28 70 20 61 14 10 2 75 37 75 63 100 55 80 9 13 59 61 89 10 52 20 100 22
47 19 14 72 93 41 86 31 61 29 6 95 13 13 13 72 32 59 43 37 91 31 39 22 6 5 67 82 81 1 94 67 24 68 90 71 21 66 8 73 97 22 55 34 91 69 9 12 97 81 5 13 54 52 97 47 40 75 17 18 3 63 33 70 15 0 96 34 100 86 86 32 79 13 38 79 81 30 92 13
78 35 44 60 10 8 7 26 84 85 64 51 73 59 67 29 72 39 88 1 85 93 52 55 76 72 2 77 98 73 23 16 53 100 41 82 46 91 76 2 28 69 91 29 14 81 92 92 17 82 58 12 70 43 41 93 100 34 62 54 16 8 9 65 23 96 38 27 21 2 41 59 46 75 77 54 34 3 23 22
41 6 12 88 87 22 48 59 62 4 92 14 13 39 43 22 63 13 79 96 90 50 86 41 47 63 33 29 98 49 90 43 74 20 10 86 89 66 77 96 65 61 80 29 55 6 75 78 10 35 19 99 65 97 76 89 87 57 0 50 5 65 61 59 23 52 8 88 23 21 56 55 40 29 2 92 46 54 29 47
9 35 53 38 27 48 1 30 62 38 27 56 8 64 91 9 51 0 73 20 5 55 45 31 28 30 13 2 91 63 32 60 66 63 4 25 90 0 75 80 6 44 55 99 31 34 37 78 42 77 67 71 78 99 53 74 44 65 26 61 17 62 51 39 44 49 3 69 18 16 28 9 93 52 19 83 14 17 31 43
34 4 84 58 66 22 83 72 38 38 86 82 85 39 90 99 24 34 35 84 90 91 70 89 70 31 27 34 82 53 50 82 19 35 33 79 36 96 20 7 3 13 71 41 96 78 17 46 78 83 51 57 80 72 35 44 39 21 89 99 9 35 62 34 42 6 52 2 32 35 89 13 37 85 52 62 98 59 75 9
50 49 94 41 62 7 32 96 3 52 58 67 60 28 88 11 75 9 64 53 46 87 66 65 97 73 5 24 32 94 47 34 35 21 77 87 96 100 9 27 39 7 13 62 68 82 51 83 62 93 70 7 27 30 98 49 26 60 98 32 58 100 25 10 21 24 7 3 89 11 79 17 47 66 87 59 87 25 21 78
81 27 11 18 62 19 91 89 84 42 58 95 56 12 92 33 17 70 77 55 67 77 26 62 30 86 15 71 30 36 7 71 65 100 69 63 36 71 27 11 54 92 6 24 82 82 79 98 80 30 67 16 18 69 79 85 59 6 45 45 3 25 62 31 68 47 62 73 31 25 91 62 16 52 14 89 41 35 74 48
74 58 7 62 96 51 54 29 68 5 89 71 84 5 79 47 39 55 14 88 17 84 35 9 78 58 13 71 72 72 42 55 8 53 89 50 55 80 33 11 72 21 67 76 80 85 4 4 70 85 53 28 51 27 54 86 47 67 15 35 12 70 75 94 44 82 71 41 29 6 55 83 39 60 92 92 7 41 7 38
16 71 75 92 57 20 82 74 56 53 95 89 8 75 11 21 71 51 31 70 72 40 78 21 62 75 55 66 87 52 25 61 15 35 56 21 89 60 97 73 74 36 11 88 33 95 85 2 58 8 76 53 93 36 11 14 73 3 64 26 45 100 60 85 19 42 92 95 47 91 75 22 84 91 0 8 28 20 74 46
29 100 36 15 19 44 33 89 93 78 52 10 2 25 29 46 95 77 46 28 84 84 84 56 85 74 19 56 58 64 67 90 75 1 57 100 75 30 82 70 84 8 30 34 90 28 62 33 1 7 72 0 22 95 80 82 41 75 56 74 90 8 55 23 45 25 81 16 7 61 16 20 92 55 7 72 42 63 85 90
93 42 66 9 89 72 3 3 69 21 88 28 10 25 39 21 18 4 63 95 19 83 67 15 61 63 28 17 1 37 17 14 65 1 10 57 70 43 78 49 0 40 40 66 92 65 44 38 69 10 16 46 43 24 35 81 83 18 60 67 78 73 16 46 30 78 21 17 42 53 93 63 47 31 52 51 1 79 32 85
14 28 57 0 31 77 37 26 81 24 39 88 52 76 9 27 33 24 57 7 97 38 69 33 70 10 7 95 87 7 52 28 23 1 26 24 44 60 8 8 14 87 12 58 84 13 78 78 99 25 98 55 88 56 9 19 42 96 99 52 66 84 42 16 52 26 17 55 38 16 94 74 86 62 88 76 3 52 63 30
18 12 79 58 5 53 38 58 27 5 99 0 2 78 45 54 87 54 87 56 30 97 80 61 80 15 78 9 28 18 70 99 94 26 64 76 9 70 91 35 2 71 27 29 91 6 28 33 100 78 3 62 85 8 15 54 0 42 40 25 49 74 52 20 36 86 10 54 26 90 75 5 9 84 21 96 71 98 3 52
81 41 38 0 0 68 84 55 9 78 56 43 80 72 55 68 68 46 84 93 60 38 5 74 0 69 93 8 44 25 2 43 96 46 95 45 36 89 68 30 67 93 40 98 3 0 32 64 40 59 18 99 9 94 89 37 55 26 85 60 68 100 26 52 95 49 7 25 83 5 85 85 52 68 89 64 77 62 95 95
19 0 37 24 34 60 57 47 21 53 74 50 78 77 68 38 45 37 78 35 21 10 71 20 85 82 76 34 35 23 22 13 13 76 94 81 65 19 19 27 99 59 91 58 72 52 98 75 86 11 4 32 42 51 97 27 77 18 34 23 93 23 89 52 37 23 86 44 47 47 33 67 32 93 19 43 82 51 25 32
26 99 83 87 20 73 93 11 31 81 40 68 97 13 19 49 72 27 79 84 11 77 9 8 93 82 74 19 55 61 94 41 45 52 60 74 21 8 23 12 61 80 65 1 43 89 28 19 83 33 67 72 31 8 70 24 80 77 83 32 2 49 3 9 26 29 9 59 66 3 21 18 90 2 66 20 72 67 80 58
44 34 4 80 53 80 62 2 63 87 21 45 67 23 83 36 73 8 64 13 3 67 100 55 53 95 12 41 4 20 93 54 11 97 21 85 80 45 42 41 20 43 81 24 79 27 11 67 2 72 95 2 24 16 76 82 96 71 88 93 42 7 60 36 23 85 12 8 26 3 89 41 14 79 55 56 70 41 93 41
46 100 85 83 89 31 27 79 89 54 85 26 45 92 88 13 87 89 82 27 18 93 37 33 89 42 50 5 6 77 35 69 13 63 96 36 53 92 48 61 91 63 100 27 8 15 30 53 96 74 59 94 37 33 25 85 72 67 60 62 4 2 91 42 13 46 95 40 100 19 86 38 7 34 31 72 56 90 6 66
59 91 50 53 41 90 13 29 25 13 59 89 2 98 15 3 39 67 59 59 55 69 29 97 72 46 5 8 70 28 93 56 38 62 7 14 58 13 11 79 4 72 43 37 14 27 76 51 90 19 27 45 39 14 2 92 73 56 39 41 37 6 92 93 26 7 94 9 22 15 39 92 18 29 78 48 70 65 11 8
57 9 25 11 44 6 49 82 70 100 85 70 43 24 30 87 28 69 90 27 49 40 39 18 98 85 85 47 44 57 28 3 78 5 3 19 18 36 20 8 92 10 63 57 7 69 97 66 16 83 72 72 40 34 47 48 58 65 96 99 4 21 69 53 71 81 57 91 86 20 13 2 55 3 91 62 53 20 63 27
52 64 64 73 56 72 79 40 89 88 99 42 0 17 89 8 43 62 62 98 74 0 30 57 85 92 28 13 40 20 50 88 100 86 35 22 59 89 24 36 15 36 0 59 97 44 91 98 98 45 83 35 12 59 19 19 92 14 87 32 100 8 22 51 43 76 52 48 49 9 5 51 80 21 1 31 3 79 24 3
62 21 1 16 74 36 49 96 3 34 7 88 74 20 73 94 49 85 0 65 77 95 81 25 86 4 11 19 87 93 85 66 73 85 62 3 15 8 19 34 33 21 35 66 31 8 55 53 91 74 47 22 37 99 11 0 75 18 33 1 87 18 91 17 11 7 1 3 43 81 97 19 60 66 67 75 17 63 97 22
26 1 1 95 50 6 57 28 14 68 11 11 76 72 49 10 70 59 49 55 10 40 44 68 6 89 83 94 86 84 78 70 27 25 7 85 29 14 64 74 77 78 17 20 21 82 69 84 18 75 94 12 93 62 44 94 46 65 93 76 2 53 26 61 81 63 4 83 98 14 94 72 48 17 60 46 3 37 98 41
79 30 70 28 13 13 64 88 47 100 61 19 68 63 33 64 49 64 48 84 92 27 55 62 35 50 42 90 75 18 24 78 13 60 5 100 81 14 29 45 26 46 56 21 76 85 18 29 19 90 4 1 31 70 78 38 37 99 18 68 36 76 20 30 16 5 2 56 57 8 37 80 65 68 36 42 16 84 88 22
63 33 18 19 85 24 78 4 34 34 3 47 29 49 40 81 94 7 94 81 18 58 97 87 79 50 40 26 57 3 23 14 44 30 79 4 42 70 95 61 27 78 52 81 35 88 70 97 64 26 91 70 1 82 66 100 96 95 95 76 15 77 7 82 18 53 40 70 95 86 41 10 18 15 0 56 44 92 75 35
21 91 95 67 69 18 95 71 68 64 58 56 27 91 88 42 90 82 2 2 6 90 59 44 83 3 97 82 87 75 69 57 25 18 6 93 98 84 93 98 22 59 58 44 78 8 11 60 9 8 38 62 66 2 59 64 40 87 58 7 100 31 21 82 26 48 10 62 3 77 89 100 23 13 55 11 68 62 3 14
74 29 28 86 36 51 92 67 61 19 95 43 73 1 83 10 16 35 50 7 62 37 17 3 39 51 43 55 26 38 70 66 52 65 34 3 78 1 50 71 30 97 15 100 5 67 14 83 5 16 51 53 70 74 37 90 85 34 54 29 52 78 76 76 78 66 96 72 29 32 6 25 98 47 82 88 20 15 56 100
65 45 76 70 70 86 49 58 68 88 74 54 49 11 8 48 4 21 67 79 31 29 47 48 65 56 89 83 99 86 88 62 28 2 93 49 40 6 85 46 1 23 71 74 77 83 98 59 91 3 28 62 95 59 15 53 33 98 31 79 62 34 33 13 91 30 20 94 47 49 68 50 16 53 81 17 72 92 24 87
24 80 91 47 68 34 27 87 81 39 65 81 98 3 12 29 29 15 32 18 8 19 53 58 42 62 88 67 50 99 71 8 39 42 52 40 60 8 51 31 86 44 55 77 60 44 52 36 74 37 13 3 16 6 37 70 19 37 4 2 82 45 75 52 32 87 98 51 86 71 38 74 38 76 11 58 46 34 40 53
49 5 30 89 23 50 28 76 24 90 89 40 50 35 95 92 95 85 33 92 77 79 87 44 43 91 99 85 38 67 52 71 88 74 7 23 69 61 7 28 93 99 51 74 23 83 54 61 70 96 66 19 73 50 58 73 23 33 55 61 94 17 45 19 89 54 57 98 58 91 38 87 72 7 0 35 77 89 48 84
52 48 90 97 20 45 81 99 35 0 89 53 98 3 26 90 10 24 12 66 88 62 58 89 66 20 83 7 79 67 10 92 13 89 65 24 79 0 95 79 96 77 96 85 67 85 6 97 27 76 69 45 12 64 31 71 65 17 85 58 20 62 42 38 79 75 53 75 77 86 76 71 19 60 16 98 78 55 99 61
59 24 53 99 97 3 15 46 94 41 73 23 9 53 32 3 72 22 0 95 69 80 67 35 95 99 90 40 31 98 34 91 65 32 70 53 17 45 75 64 15 96 47 53 35 36 33 99 46 20 49 38 38 26 35 94 2 2 11 94 45 65 55 29 52 78 2 76 23 5 67 88 73 81 20 5 73 18 11 42
77 1 52 27 8 64 44 46 61 3 81 0 96 16 96 5 33 67 36 49 92 28 90 97 13 97 54 42 16 29 39 40 31 75 70 76 2 88 78 3 52 31 7 67 85 24 31 63 71 85 37 22 2 38 47 43 19 7 57 47 79 19 98 14 11 93 24 44 83 16 23 99 48 41 82 2 17 6 56 90
38 61 14 33 95 79 15 65 98 7 3 82 33 70 6 49 20 5 79 74 48 95 80 11 62 92 26 91 60 61 88 78 18 100 48 24 26 6 20 5 57 93 93 73 44 98 60 52 16 46 20 7 51 6 95 81 100 53 26 40 45 30 51 2 30 97 61 57 49 33 9 97 20 96 43 13 87 63 20 32
